# Created by Octave 5.1.0, Thu Mar 05 20:52:51 2020 GMT <unknown@DESKTOP-HC7EG34>
# name: dataOut
# type: matrix
# rows: 548
# columns: 3
 3.0543261388888889 0 -1.7769920878693153
 3.054283398567518 -0.0042740321370970946 -1.7769925770972224
 3.0541551358453654 -0.012826272215260559 -1.7773580009885124
 3.0539412254050502 -0.021391044031515705 -1.7777364856982631
 3.0536414582513709 -0.029976715367929785 -1.7773904372110441
 3.053255541511847 -0.038591673952392824 -1.7770111624941916
 3.0527830981572719 -0.047244335457508058 -1.7757654281657411
 3.0522236666420666 -0.055943151520532197 -1.7744166430273409
 3.0515767004641665 -0.064696617790005462 -1.7727306811256069
 3.050841567644123 -0.073513282004356029 -1.7706100922805195
 3.0500175501230293 -0.082401752109362292 -1.7681200748367849
 3.0491038430788384 -0.091370704419091453 -1.7649530952389461
 3.0480995541605744 -0.10042889182639847 -1.7613611452486668
 3.0470037026398904 -0.10958515206840325 -1.757661593867355
 3.0458152184793654 -0.11884841605249719 -1.7542619541053897
 3.0445329413168891 -0.12822771624763085 -1.7509888386429833
 3.0431556193654252 -0.13773219514638946 -1.7478858408835423
 3.0416819082273978 -0.14737111380274115 -1.7446144012684104
 3.040110369622901 -0.15715386044967694 -1.7408003409393151
 3.0384394700308848 -0.16708995920162728 -1.7369355670510855
 3.0366675792424238 -0.17718907884609614 -1.7327455677904966
 3.0347929688251525 -0.18746104172713274 -1.7286310405126117
 3.0328138104978914 -0.19791583272610325 -1.7238303346120818
 3.0307281744144814 -0.20856360834100585 -1.7198223856798529
 3.0285340273557964 -0.21941470586850365 -1.7179612517334899
 3.0262292308288945 -0.23047965269018533 -1.7128917492505247
 3.0238115390722449 -0.24176917566496314 -1.7113006258771266
 3.0212785969659532 -0.25329421062916246 -1.7068072094959919
 3.0186279378459133 -0.26506591200399221 -1.7020276997769737
 3.0158569812208027 -0.2770956625110621 -1.6977169031358634
 3.0129630303908606 -0.2893950829942149 -1.6923684795036664
 3.0099432699673971 -0.30197604234634134 -1.6869679412958096
 3.0067947632920209 -0.31485066753762503 -1.6814021918051631
 3.003514449754606 -0.32803135374148695 -1.6751946252834482
 3.0000991420090726 -0.34153077455334468 -1.669503707109536
 2.9965455230861284 -0.35536189229441462 -1.6623483952685383
 2.9928501434021899 -0.36953796839385156 -1.6551239255392574
 2.9890094176638087 -0.38407257383812343 -1.6467712266371977
 2.9850196216670399 -0.39897959967687413 -1.6390505709001271
 2.9808768889913284 -0.41427326757115246 -1.6314523831075114
 2.9765772075876495 -0.42996814036788678 -1.6249569136668747
 2.9721164162608211 -0.44607913268284172 -1.618307477290402
 2.9674902010461173 -0.46262152147038549 -1.6113810206198409
 2.9626940914805564 -0.47961095655608688 -1.6033523500219486
 2.957723456769509 -0.49706347110474169 -1.5939607911307798
 2.952573501849578 -0.51499549199309769 -1.5837092406084603
 2.9472392633490641 -0.53342385005139548 -1.5729317227636939
 2.9417156054477065 -0.55236579013575593 -1.5617279311036847
 2.9359972156378498 -0.57183898098567276 -1.5501582821767068
 2.9300786003896646 -0.59186152481851551 -1.5389158596417614
 2.9239540807236115 -0.61245196660530965 -1.5275088606307656
 2.9176177876939473 -0.63362930296642084 -1.5168294209809801
 2.911063657787758 -0.65541299061893099 -1.5056356777615012
 2.904285428244755 -0.67782295430030004 -1.4945717760837363
 2.8972766323039165 -0.70087959408384748 -1.4832890472940436
 2.8900305943839797 -0.72460379199368319 -1.4717749735141896
 2.8825404252058164 -0.74901691781632529 -1.459745149999663
 2.8747990168658504 -0.77414083399660605 -1.4471757599594817
 2.8667990378709298 -0.79999789949205535 -1.4340564736634118
 2.8585329281464236 -0.82661097245062543 -1.4207621142694502
 2.8499928940308239 -0.85400341155996706 -1.4069992981831454
 2.8411709032717849 -0.88219907590390001 -1.3926136245539518
 2.8320586800403285 -0.911222323145644 -1.3774834166604117
 2.8226476999819341 -0.94109800583943581 -1.3620942317390055
 2.8129291853253791 -0.9718514656555044 -1.3469182176391414
 2.8028941000725633 -1.0035085252815712 -1.3322205340245488
 2.7925331452951103 -1.0360954777453024 -1.317787598958277
 2.7818367545663385 -1.0696390728771821 -1.3038080291711662
 2.77079508956023 -1.1041665006108481 -1.289821245284287
 2.7593980358523167 -1.1397053707913329 -1.2754720410443137
 2.747635198960976 -1.1762836891340722 -1.2595416748765687
 2.7354959006714834 -1.2139298289492562 -1.2413592519917822
 2.7229691756893359 -1.2526724982147464 -1.221059635468795
 2.7100437686738506 -1.2925407015485391 -1.1987952055777948
 2.6967081317078652 -1.3335636965985387 -1.1763194581721432
 2.6829504222645491 -1.3757709443316113 -1.1573176155723297
 2.6687585017378734 -1.4191920526675617 -1.1389514117176367
 2.654119934609215 -1.4638567128658408 -1.1180626871776491
 2.6390219883288637 -1.5097946280351326 -1.0949459054007045
 2.6234516339979064 -1.5570354330957326 -1.070118873545818
 2.6073955479430371 -1.6056086054869301 -1.0447428913130459
 2.590840114284314 -1.6555433658723029 -1.0181260775189116
 2.5737714286037305 -1.7068685680583506 -0.98898482978435442
 2.5561753028306655 -1.7596125773065019 -0.96010523867973696
 2.5380372714688137 -1.813803136185177 -0.93047408674657039
 2.5193425992980116 -1.8694672170802118 -0.90150321702986758
 2.5000762906934457 -1.9266308604565907 -0.87090411963170233
 2.4802231007139666 -1.9853189979479158 -0.83924522188065254
 2.4597675481205679 -2.0455552593398707 -0.80724050469194886
 2.4386939304954134 -2.1073617625154473 -0.77450722830929009
 2.4169863416410053 -2.1707588854408044 -0.74341360516751109
 2.3946286914480002 -2.2357650193005174 -0.71692135915124189
 2.3716047284286592 -2.3023963019340954 -0.69179277654210625
 2.3478980651207402 -2.370666330791904 -0.66529717117646581
 2.3234922065735577 -2.4405858547182468 -0.63760754790073826
 2.2983705821337077 -2.5121624439849999 -0.60330079626670674
 2.2725165807522254 -2.5854001381482306 -0.55808169024309373
 2.2459135900373939 -2.660299071483152 -0.51087293747295703
 2.2185450392776378 -2.7368550759756083 -0.4596279237707076
 2.1903944466564775 -2.8150592621160264 -0.39147162311978118
 2.1614454708759121 -2.8948975780565434 -0.34668133541774115
 2.1316819673952954 -2.9763503480616738 -0.31916337635044895
 2.1010880494792343 -3.0593917916061031 -0.29247901500947338
 2.0696481542296263 -3.1439895249607996 -0.25804223019411271
 2.0373471137530839 -3.2301040476542475 -0.22074587812180643
 2.0041702315849683 -3.317688216811554 -0.18247620937744985
 1.9701033644544761 -3.4066867130492229 -0.14417497218412378
 1.9351330094310004 -3.4970355023475674 -0.1056112502170954
 1.8992463964397637 -3.5886612991236744 -0.066710404169096404
 1.86243158607392 -3.6814810365843664 -0.027819244057858808
 1.824677572560514 -3.7754013513406015 0.0099941638027288265
 1.7859743916585247 -3.870318090198932 0.046526792107803409
 1.7463132331785673 -3.9661158479957326 0.080884091941696046
 1.7056865577157032 -4.0626675462864137 0.11346425033467289
 1.6640882170795319 -4.1598340636171294 0.14397837844628428
 1.6215135777899177 -4.2574639289614247 0.172562996365587
 1.5779596468832719 -4.3553930906645721 0.19944772679318515
 1.5334251991446546 -4.4534447738617366 0.2254162237965443
 1.4879109047468433 -4.5514294397811295 0.25123348791170447
 1.4414194561412319 -4.6491448605611385 0.2772484123301267
 1.3939556929097043 -4.7463763231527567 0.30458342962133722
 1.3455267231547676 -4.8428969754936713 0.33459285629516233
 1.2961420398809316 -4.938468327383605 0.36832096994626057
 1.2458136307078078 -5.0328409173123756 0.4067770983598924
 1.194556079159204 -5.1257551548603786 0.45089795127158777
 1.1423866556974454 -5.2169423461758679 0.50007693975258749
 1.0893253966232466 -5.3061259074198786 0.54934934274040859
 1.0353951689436049 -5.3930227679641618 0.60063330048351382
 0.98062171932811948 -5.477344961548547 0.66019395011182302
 0.92503370533211049 -5.5588013996008989 0.72465321717691145
